NOTE(ID=3, TITLE=УЧЕБНАЯ, DESCRIPTION=ДОДЕЛАЛА ДОМАШКУ, CREATETIME=2024-03-08T18:59:36.325100400)
NOTE(ID=1, TITLE=УЧЕБНАЯ, DESCRIPTION=ДОДЕЛАЛА ДОМАШКУ, CREATETIME=2024-03-09T00:27:34.749277900)
